Unnamed: 0,convivial_owl,radical_boa,shaggy_wildcat,stirring_pelican,happy_orangutan,heavenly_jackal,wine_groundhog,stylish_oarfish,qualified_porpoise,bouncy_kakapo,elite_squirrel,gray_penguin,meticulous_jaguarundi,uppish_grebe,mutant_mouse,chocolate_hoatzin,sassy_angelfish,diligent_hare,tough_bloodhound,zircon_tapir
convivial_owl,1.0,0.519,0.606,0.718,0.522,0.47700000000000004,0.761,0.622,0.447,0.788,0.835,0.6890000000000001,0.618,0.502,0.872,0.632,0.766,0.629,0.372,0.7010000000000001
radical_boa,0.519,1.0,0.663,0.591,0.29,0.512,0.605,0.387,0.772,0.527,0.561,0.683,0.369,0.297,0.561,0.616,0.489,0.431,0.621,0.487
shaggy_wildcat,0.606,0.663,1.0,0.683,0.35100000000000003,0.452,0.647,0.438,0.625,0.581,0.683,0.76,0.513,0.422,0.641,0.6880000000000001,0.584,0.598,0.673,0.53
stirring_pelican,0.718,0.591,0.683,1.0,0.42,0.47400000000000003,0.759,0.52,0.501,0.6950000000000001,0.767,0.6990000000000001,0.539,0.419,0.744,0.64,0.707,0.5720000000000001,0.418,0.604
happy_orangutan,0.522,0.29,0.35100000000000003,0.42,1.0,0.327,0.441,0.81,0.249,0.482,0.47100000000000003,0.385,0.629,0.719,0.522,0.363,0.523,0.5650000000000001,0.196,0.518
heavenly_jackal,0.47700000000000004,0.512,0.452,0.47400000000000003,0.327,1.0,0.458,0.34900000000000003,0.493,0.54,0.512,0.426,0.33,0.28300000000000003,0.481,0.505,0.47100000000000003,0.342,0.40800000000000003,0.368
wine_groundhog,0.761,0.605,0.647,0.759,0.441,0.458,1.0,0.542,0.509,0.766,0.796,0.678,0.54,0.431,0.797,0.706,0.721,0.581,0.41600000000000004,0.622
stylish_oarfish,0.622,0.387,0.438,0.52,0.81,0.34900000000000003,0.542,1.0,0.318,0.552,0.555,0.46900000000000003,0.672,0.719,0.61,0.424,0.611,0.631,0.26,0.601
qualified_porpoise,0.447,0.772,0.625,0.501,0.249,0.493,0.509,0.318,1.0,0.468,0.48,0.644,0.35100000000000003,0.27,0.45,0.658,0.47800000000000004,0.374,0.744,0.4
bouncy_kakapo,0.788,0.527,0.581,0.6950000000000001,0.482,0.54,0.766,0.552,0.468,1.0,0.812,0.669,0.518,0.456,0.794,0.672,0.781,0.597,0.387,0.627
elite_squirrel,0.835,0.561,0.683,0.767,0.47100000000000003,0.512,0.796,0.555,0.48,0.812,1.0,0.752,0.584,0.458,0.859,0.657,0.755,0.601,0.40700000000000003,0.728
gray_penguin,0.6890000000000001,0.683,0.76,0.6990000000000001,0.385,0.426,0.678,0.46900000000000003,0.644,0.669,0.752,1.0,0.508,0.40900000000000003,0.725,0.758,0.668,0.58,0.554,0.601
meticulous_jaguarundi,0.618,0.369,0.513,0.539,0.629,0.33,0.54,0.672,0.35100000000000003,0.518,0.584,0.508,1.0,0.659,0.613,0.442,0.644,0.73,0.35100000000000003,0.589
uppish_grebe,0.502,0.297,0.422,0.419,0.719,0.28300000000000003,0.431,0.719,0.27,0.456,0.458,0.40900000000000003,0.659,1.0,0.494,0.381,0.533,0.617,0.28700000000000003,0.5750000000000001
mutant_mouse,0.872,0.561,0.641,0.744,0.522,0.481,0.797,0.61,0.45,0.794,0.859,0.725,0.613,0.494,1.0,0.636,0.76,0.673,0.382,0.784
chocolate_hoatzin,0.632,0.616,0.6880000000000001,0.64,0.363,0.505,0.706,0.424,0.658,0.672,0.657,0.758,0.442,0.381,0.636,1.0,0.674,0.508,0.553,0.5640000000000001
sassy_angelfish,0.766,0.489,0.584,0.707,0.523,0.47100000000000003,0.721,0.611,0.47800000000000004,0.781,0.755,0.668,0.644,0.533,0.76,0.674,1.0,0.632,0.403,0.63
diligent_hare,0.629,0.431,0.598,0.5720000000000001,0.5650000000000001,0.342,0.581,0.631,0.374,0.597,0.601,0.58,0.73,0.617,0.673,0.508,0.632,1.0,0.402,0.634
tough_bloodhound,0.372,0.621,0.673,0.418,0.196,0.40800000000000003,0.41600000000000004,0.26,0.744,0.387,0.40700000000000003,0.554,0.35100000000000003,0.28700000000000003,0.382,0.553,0.403,0.402,1.0,0.34800000000000003
zircon_tapir,0.7010000000000001,0.487,0.53,0.604,0.518,0.368,0.622,0.601,0.4,0.627,0.728,0.601,0.589,0.5750000000000001,0.784,0.5640000000000001,0.63,0.634,0.34800000000000003,1.0
